0 0.159288 0.094697 0.210780 0.045455
0 0.159288 0.157828 0.210780 0.080808
0 0.159288 0.236111 0.210780 0.075758
0 0.159288 0.331439 0.210780 0.114899
0 0.159288 0.436237 0.210780 0.094697
0 0.159288 0.523990 0.210780 0.080808
0 0.159288 0.604798 0.210780 0.080808
1 0.632820 0.037879 0.734360 0.075758
2 0.434643 0.310606 0.210960 0.287879
3 0.841630 0.577178 0.189696 0.204861
4 0.632820 0.802083 0.734360 0.161616
5 0.958614 0.901831 0.059673 0.037879
6 0.026468 0.106061 0.038499 0.050505
6 0.026468 0.169192 0.038499 0.050505
6 0.026468 0.232323 0.038499 0.050505
6 0.026468 0.295455 0.038499 0.050505
6 0.026468 0.759154 0.038499 0.050505
6 0.026468 0.822285 0.038499 0.050505
6 0.026468 0.885417 0.038499 0.050505
7 0.041867 0.085859 0.019249 0.025253
7 0.246714 0.091540 0.012828 0.020202
7 0.246714 0.250000 0.012828 0.020202
7 0.246714 0.457702 0.012828 0.020202