0 0.155466 0.077081 0.196237 0.036999
0 0.155466 0.133350 0.196237 0.075540
0 0.155466 0.202467 0.196237 0.062693
0 0.155466 0.271583 0.196237 0.075540
0 0.155466 0.347122 0.196237 0.075540
0 0.155466 0.416238 0.196237 0.062693
0 0.155466 0.478931 0.196237 0.062693
0 0.155466 0.541624 0.196237 0.062693
0 0.155466 0.603803 0.196237 0.061665
0 0.155466 0.672405 0.196237 0.075540
1 0.627240 0.030832 0.745520 0.061665
2 0.411822 0.273381 0.196405 0.234327
2 0.343568 0.547662 0.059896 0.039825
3 0.856526 0.459147 0.168669 0.063207
3 0.736622 0.636177 0.408476 0.063207
4 0.627240 0.829137 0.745520 0.254882
5 0.961470 0.971994 0.055556 0.030832
6 0.028226 0.086331 0.035842 0.041110
6 0.028226 0.137718 0.035842 0.041110
6 0.028226 0.189106 0.035842 0.041110
6 0.028226 0.855858 0.035842 0.041110
6 0.028226 0.907246 0.035842 0.041110
6 0.028226 0.958633 0.035842 0.041110
7 0.042563 0.069887 0.017921 0.020555
7 0.239842 0.150822 0.005978 0.016444
7 0.236860 0.427287 0.011943 0.016444
7 0.239842 0.489979 0.005978 0.016444
7 0.236860 0.613566 0.011943 0.016444