0 0.176612 0.058870 0.230029 0.028257
0 0.176612 0.096939 0.230029 0.047881
0 0.176612 0.144819 0.230029 0.047881
0 0.176612 0.192700 0.230029 0.047881
0 0.176612 0.240581 0.230029 0.047881
0 0.176612 0.288462 0.230029 0.047881
1 0.646295 0.023548 0.707411 0.047096
2 0.414822 0.141287 0.117421 0.043956
2 0.394219 0.434360 0.076215 0.050824
2 0.411544 0.720663 0.110864 0.050824
3 0.796153 0.286107 0.280648 0.189168
3 0.817809 0.577512 0.237338 0.178964
4 0.646295 0.869309 0.707411 0.194662
5 0.958614 0.978414 0.059673 0.023548
6 0.030318 0.065934 0.038499 0.031397
6 0.030318 0.105181 0.038499 0.031397
6 0.030318 0.144427 0.038499 0.031397
6 0.030318 0.183673 0.038499 0.031397
6 0.030318 0.889717 0.038499 0.031397
6 0.030318 0.928964 0.038499 0.031397
6 0.030318 0.968210 0.038499 0.031397
7 0.045717 0.053375 0.019249 0.015699
7 0.273663 0.058673 0.012828 0.012559
7 0.273663 0.105377 0.012828 0.012559
7 0.276866 0.153257 0.006421 0.012559
7 0.273663 0.201138 0.012828 0.012559
7 0.273663 0.249019 0.012828 0.012559
7 0.273663 0.296900 0.012828 0.012559